Number of NaN values and its percentage in each column
batch_date : 0   Percentage: 0.0%
test_name : 0   Percentage: 0.0%
swab_type : 0   Percentage: 0.0%
covid19_test_results : 0   Percentage: 0.0%
age : 0   Percentage: 0.0%
high_risk_exposure_occupation : 169   Percentage: 0.179797%
high_risk_interactions : 24827   Percentage: 26.413107%
diabetes : 0   Percentage: 0.0%
chd : 0   Percentage: 0.0%
htn : 0   Percentage: 0.0%
cancer : 0   Percentage: 0.0%
asthma : 0   Percentage: 0.0%
copd : 0   Percentage: 0.0%
autoimmune_dis : 0   Percentage: 0.0%
smoker : 0   Percentage: 0.0%
temperature : 46453   Percentage: 49.420714%
pulse : 45716   Percentage: 48.63663%
sys : 47472   Percentage: 50.504814%
dia : 47472   Percentage: 50.504814%
rr : 52547   Percentage: 55.904037%
sats : 46460   Percentage: 49.428161%
rapid_flu_results : 93741   Percentage: 99.729773%
rapid_strep_results : 93604   Percentage: 99.58402%
ctab : 58528   Percentage: 62.267142%
labored_respiration : 45248   Percentage: 48.138731%
rhonchi : 70651   Percentage: 75.164636%
wheezes : 66507   Percentage: 70.755891%
days_since_symptom_onset : 78130   Percentage: 83.121443%
cough : 15   Percentage: 0.015958%
cough_severity : 88284   Percentage: 93.924145%
fever : 22921   Percentage: 24.38534%
sob : 206   Percentage: 0.219161%
sob_severity : 91159   Percentage: 96.982818%
diarrhea : 187   Percentage: 0.198947%
fatigue : 176   Percentage: 0.187244%
headache : 183   Percentage: 0.194691%
loss_of_smell : 190   Percentage: 0.202138%
loss_of_taste : 190   Percentage: 0.202138%
runny_nose : 187   Percentage: 0.198947%
muscle_sore : 182   Percentage: 0.193627%
sore_throat : 183   Percentage: 0.194691%
cxr_findings : 93306   Percentage: 99.266982%
cxr_impression : 93306   Percentage: 99.266982%
cxr_label : 93306   Percentage: 99.266982%
cxr_link : 93306   Percentage: 99.266982%
er_referral : 82826   Percentage: 88.117453%
